B1
B1_1 1 0   0 0
B1_2 1 0   0 0
B1_3 Compact 0 -3689348814741910324 -858993460 -3689348814741910324 -858993460
B1_4 Compact 0 -3689348814741910324 -858993460 -3689348814741910324 -858993460
B1_5 Compact 0 -3689348814741910324 -858993460 -3689348814741910324 -858993460
B1_6 Compact 0 -3689348814741910324 -858993460 -3689348814741910324 -858993460
B1_7 Compact 0 -3689348814741910324 -858993460 -3689348814741910324 -858993460
B1_8 Compact 0 -3689348814741910324 -858993460 -3689348814741910324 -858993460
B1_9 Compact 0 -3689348814741910324 -858993460 -3689348814741910324 -858993460
B1_10 Compact 0 -3689348814741910324 -858993460 -3689348814741910324 -858993460
B1_11 1 0   0 0
B1_12 1 0   0 0
B1_13 1 0   0 0
B1_14 1 0   0 0
B1_15 1 0   0 0
B1_16 1 0   0 0
B1_17 1 0   0 0
B1_18 1 0   0 0
B1_19 1 0   0 0
B1_20 1 0   0 0
B1_21 1 0   0 0
B1_22 1 0   0 0
B1_23 1 0   0 0
B1_24 1 0   0 0
B1_25 1 0   0 0
B1_26 1 0   0 0
B1_27 1 0   0 0
B1_28 1 0   0 0
B1_29 1 0   0 0
B1_30 1 0   0 0
B1_31 1 0   0 0
B1_32 1 0   0 0
B1_33 1 0   0 0
B1_34 1 0   0 0
B1_35 1 0   0 0
B1_36 1 0   0 0
B1_37 1 0   0 0
B1_38 1 0   0 0
B1_39 1 0   0 0
B1_40 1 0   0 0
B1_41 1 0   0 0
B1_42 1 0   0 0
B1_43 1 0   0 0
B1_44 1 0   0 0
B1_45 1 0   0 0
B1_46 1 0   0 0
B1_47 1 0   0 0
B1_48 1 0   0 0
B1_49 1 0   0 0
B1_50 1 0   0 0
B1_51 Compact 0 -3689348814741910324 -858993460 -3689348814741910324 -858993460
B1_52 Compact 0 -3689348814741910324 -858993460 -3689348814741910324 -858993460
B1_53 Compact 0 -3689348814741910324 -858993460 -3689348814741910324 -858993460
B1_54 Compact 0 -3689348814741910324 -858993460 -3689348814741910324 -858993460
B1_55 Compact 0 -3689348814741910324 -858993460 -3689348814741910324 -858993460
B1_56 Compact 0 -3689348814741910324 -858993460 -3689348814741910324 -858993460
B1_57 Compact 0 -3689348814741910324 -858993460 -3689348814741910324 -858993460
B1_58 Compact 0 -3689348814741910324 -858993460 -3689348814741910324 -858993460
B1_59 Compact 0 -3689348814741910324 -858993460 -3689348814741910324 -858993460
B1_60 Compact 0 -3689348814741910324 -858993460 -3689348814741910324 -858993460
#
B2
B2_1 Compact 0 -3689348814741910324 -858993460 -3689348814741910324 -858993460
B2_2 Compact 0 -3689348814741910324 -858993460 -3689348814741910324 -858993460
B2_3 Compact 0 -3689348814741910324 -858993460 -3689348814741910324 -858993460
B2_4 Compact 0 -3689348814741910324 -858993460 -3689348814741910324 -858993460
B2_5 Compact 0 -3689348814741910324 -858993460 -3689348814741910324 -858993460
B2_6 Compact 0 -3689348814741910324 -858993460 -3689348814741910324 -858993460
B2_7 Compact 0 -3689348814741910324 -858993460 -3689348814741910324 -858993460
B2_8 Compact 0 -3689348814741910324 -858993460 -3689348814741910324 -858993460
B2_9 Compact 0 -3689348814741910324 -858993460 -3689348814741910324 -858993460
B2_10 Compact 0 -3689348814741910324 -858993460 -3689348814741910324 -858993460
B2_11 Motorcycle 0 -3689348814741910324 -858993460 -3689348814741910324 -858993460
B2_12 Motorcycle 0 -3689348814741910324 -858993460 -3689348814741910324 -858993460
B2_13 Motorcycle 0 -3689348814741910324 -858993460 -3689348814741910324 -858993460
B2_14 Motorcycle 0 -3689348814741910324 -858993460 -3689348814741910324 -858993460
B2_15 Motorcycle 0 -3689348814741910324 -858993460 -3689348814741910324 -858993460
B2_16 Motorcycle 0 -3689348814741910324 -858993460 -3689348814741910324 -858993460
B2_17 Motorcycle 0 -3689348814741910324 -858993460 -3689348814741910324 -858993460
B2_18 Motorcycle 0 -3689348814741910324 -858993460 -3689348814741910324 -858993460
B2_19 Motorcycle 0 -3689348814741910324 -858993460 -3689348814741910324 -858993460
B2_20 Motorcycle 0 -3689348814741910324 -858993460 -3689348814741910324 -858993460
B2_21 Motorcycle 0 -3689348814741910324 -858993460 -3689348814741910324 -858993460
B2_22 Motorcycle 0 -3689348814741910324 -858993460 -3689348814741910324 -858993460
B2_23 Motorcycle 0 -3689348814741910324 -858993460 -3689348814741910324 -858993460
B2_24 Motorcycle 0 -3689348814741910324 -858993460 -3689348814741910324 -858993460
B2_25 Motorcycle 0 -3689348814741910324 -858993460 -3689348814741910324 -858993460
B2_26 Motorcycle 0 -3689348814741910324 -858993460 -3689348814741910324 -858993460
B2_27 Motorcycle 0 -3689348814741910324 -858993460 -3689348814741910324 -858993460
B2_28 Motorcycle 0 -3689348814741910324 -858993460 -3689348814741910324 -858993460
B2_29 Motorcycle 0 -3689348814741910324 -858993460 -3689348814741910324 -858993460
B2_30 Motorcycle 0 -3689348814741910324 -858993460 -3689348814741910324 -858993460
#
